20160604102 2 5 0 3 6
20160604103 5 5 9 3 0
20160604104 4 3 1 1 6
20160604105 3 2 3 9 4
20160604106 7 5 7 1 1
20160604107 2 6 4 4 3
20160604108 7 0 4 4 5
20160604109 6 3 2 0 7
20160604110 7 7 7 4 6
20160604111 5 2 5 2 9
20160604112 6 8 9 5 5
20160604113 6 7 0 5 1
20160604114 5 9 7 0 4
20160604115 6 0 9 2 7
20160604116 0 2 0 2 5
20160604117 1 1 7 7 2
20160604118 9 3 9 7 2
20160604119 7 6 6 2 2
20160604120 8 6 1 4 2
20160605001 4 1 7 2 4
20160605002 8 9 1 9 2
20160605003 5 0 0 4 8
20160605004 4 8 4 4 2
20160605005 0 6 0 9 6
20160605006 4 2 2 8 3
20160605007 3 9 5 1 2
20160605008 6 1 2 1 5
20160605009 2 7 7 8 0
20160605010 4 7 0 1 2
20160605011 0 6 2 5 2
20160605012 7 1 2 8 2
20160605013 9 5 4 4 2
20160605014 3 5 3 1 3
20160605015 5 2 4 3 3
20160605016 8 0 6 3 5
20160605017 4 3 1 3 8
20160605018 6 7 0 2 8
20160605019 9 5 5 6 7
20160605020 3 1 4 5 9
20160605021 8 1 4 5 4
20160605022 7 5 0 8 9
20160605023 0 1 9 1 6
20160605024 5 5 7 6 3
20160605025 7 3 9 1 4
20160605026 4 9 9 3 9
20160605027 8 0 6 1 6
20160605028 7 8 4 0 3
20160605029 6 2 7 1 3
20160605030 1 0 1 7 2
20160605031 3 8 7 2 5
20160605032 6 8 8 0 5
20160605033 8 1 0 9 7
20160605034 7 9 4 7 3
20160605035 6 3 9 0 4
20160605036 3 3 1 3 3
20160605037 3 2 3 2 7
20160605038 8 8 9 4 8
20160605039 1 1 5 4 5
20160605040 7 0 8 2 5
20160605041 7 3 9 0 5
20160605042 6 3 7 9 8
20160605043 6 8 0 6 1
20160605044 2 3 2 6 5
20160605045 5 9 9 6 1
20160605046 4 9 9 4 5
20160605047 2 2 0 9 5
20160605048 6 7 3 8 4
20160605049 4 1 1 8 7
20160605050 8 4 3 9 1
20160605051 7 7 2 1 7
20160605052 3 3 6 1 1
20160605053 2 9 3 0 2
20160605054 8 8 1 5 8
20160605055 3 5 2 9 5
20160605056 8 2 4 9 4
20160605057 8 0 2 9 5
20160605058 3 0 4 7 5
20160605059 2 3 1 6 6
20160605060 7 1 3 5 3
20160605061 1 5 8 7 7
20160605062 2 6 4 8 6
20160605063 2 9 4 1 2
20160605064 6 3 7 7 9
20160605065 1 2 0 9 9
20160605066 8 1 9 2 3
20160605067 8 9 8 8 8
20160605068 8 6 9 0 0
20160605069 5 4 4 7 6
20160605070 9 0 5 2 4
20160605071 5 2 9 5 3
20160605072 9 8 6 2 3
20160605073 2 9 5 1 9
20160605074 4 9 0 4 0
20160605075 6 1 1 3 9
20160605076 9 9 9 7 3
20160605077 3 1 6 5 1
20160605078 1 1 6 4 4
20160605079 9 9 5 9 8
20160605080 8 0 5 4 6
20160605081 6 1 9 8 2
20160605082 7 6 4 0 3
20160605083 7 6 5 9 8
20160605084 0 8 3 3 9
20160605085 3 5 5 9 8
20160605086 0 4 8 2 3
20160605087 3 9 7 8 6
20160605088 8 8 5 8 6
20160605089 2 6 5 4 1
20160605090 8 5 5 8 3
20160605091 9 9 0 3 8
20160605092 2 4 4 1 5
20160605093 8 4 5 6 5
20160605094 9 9 9 8 2
20160605095 5 1 9 4 0
20160605096 8 0 7 8 7
20160605097 7 1 9 0 1
20160605098 0 4 1 7 1
20160605099 1 2 2 4 4
20160605100 7 8 0 7 3
20160605101 2 6 2 8 6
20160605102 6 3 6 1 3
20160605103 1 9 6 6 7
20160605104 1 2 5 4 5
20160605105 6 9 3 6 0
20160605106 6 2 0 8 1
20160605107 8 3 0 2 1
20160605108 3 9 6 0 2
20160605109 4 9 7 9 0
20160605110 9 7 9 8 9
20160605111 5 7 3 3 0
20160605112 2 9 3 2 8
20160605113 2 3 1 1 7
20160605114 0 7 8 5 4
20160605115 2 6 1 5 6
20160605116 1 5 4 0 4
20160605117 1 6 8 0 6
20160605118 7 9 8 4 7
20160605119 5 0 5 2 5
20160605120 1 9 5 8 2
20160606001 2 2 1 9 2
20160606002 9 5 8 1 3
20160606003 9 9 2 4 6
20160606004 4 4 9 2 7
20160606005 3 5 0 6 4
20160606006 7 0 6 1 6
20160606007 9 5 3 1 7
20160606008 0 1 5 5 5
20160606009 6 0 5 6 9
20160606010 3 6 2 2 6
20160606011 3 5 9 4 3
20160606012 2 7 1 6 8
20160606013 7 9 3 9 6
20160606014 4 5 2 6 8
20160606015 0 6 9 6 0
20160606016 9 2 2 6 8
20160606017 2 1 2 3 4
20160606018 6 0 9 7 1
20160606019 0 8 6 8 8
20160606020 7 8 5 4 2
20160606021 2 6 4 1 0
20160606022 6 2 7 6 2
20160606023 5 2 2 1 8
20160606024 0 7 3 3 3
20160606025 2 6 2 6 8
20160606026 1 9 7 4 3
20160606027 6 1 5 0 8
20160606028 2 1 9 4 6
20160606029 9 1 8 0 2
20160606030 8 4 3 0 2
20160606031 6 3 7 0 6
20160606032 2 3 8 9 6
20160606033 4 1 2 2 0
20160606034 5 1 3 3 2
20160606035 9 1 8 5 0
20160606036 8 1 8 6 9
20160606037 7 3 8 5 4
20160606038 4 5 1 1 7
20160606039 9 9 1 9 0
20160606040 3 4 9 3 4
20160606041 5 3 8 0 6
20160606042 6 7 8 4 0
20160606043 8 2 3 9 4
20160606044 2 9 4 8 1
20160606045 3 5 1 9 5
20160606046 7 0 7 2 1
20160606047 4 1 6 2 7
20160606048 8 6 6 8 7
20160606049 4 5 5 3 2
20160606050 3 1 8 5 2
20160606051 1 9 7 1 9
20160606052 3 9 7 2 0
20160606053 0 8 1 6 2
20160606054 8 0 5 2 4
20160606055 3 3 6 0 2
20160606056 9 8 4 0 0
20160606057 2 9 8 3 6
20160606058 5 0 2 3 0
20160606059 5 6 6 4 9
20160606060 7 8 3 6 2
20160606061 9 3 3 5 0
20160606062 3 4 3 2 4
20160606063 5 7 7 4 3
20160606064 4 5 6 8 5
20160606065 2 1 5 6 8
20160606066 1 1 1 6 0
20160606067 9 9 2 5 6
20160606068 9 8 6 1 1
20160606069 4 5 0 7 1
20160606070 4 2 0 5 1
20160606071 5 2 1 1 7
20160606072 9 3 7 0 7
20160606073 5 0 9 6 3
20160606074 3 3 0 3 7
20160606075 7 3 9 8 9
20160606076 5 0 4 3 3
20160606077 6 8 3 2 0
20160606078 4 2 9 7 8
20160606079 3 7 4 1 5
20160606080 4 4 1 6 8
20160606081 3 0 6 1 6
20160606082 1 9 2 6 9
20160606083 7 2 7 9 7
20160606084 6 9 8 3 2
20160606085 5 2 1 1 2
20160606086 5 8 1 4 2
20160606087 0 0 8 2 9
20160606088 9 8 7 3 5
20160606089 5 3 3 1 8
20160606090 2 0 5 5 7
20160606091 4 2 6 8 1
20160606092 4 4 3 1 9
20160606093 6 2 0 0 1
20160606094 6 3 3 8 6
20160606095 6 8 9 7 8
20160606096 2 5 2 0 1
20160606097 7 2 8 8 1
20160606098 8 5 8 4 0
20160606099 1 4 1 8 0
20160606100 7 4 0 8 1
20160606101 4 6 3 6 6
20160606102 2 4 4 7 9
20160606103 5 9 2 4 2
20160606104 0 5 9 9 0
20160606105 8 2 9 1 6
20160606106 2 9 1 6 2
20160606107 0 3 5 0 8
20160606108 0 2 2 7 2
20160606109 2 5 8 5 0
20160606110 1 3 1 5 5
20160606111 0 8 2 3 4
20160606112 1 4 0 9 6
20160606113 3 5 3 2 5
20160606114 6 4 1 9 3
20160606115 0 8 3 4 7
20160606116 1 5 6 8 7
20160606117 1 7 9 3 7
20160606118 2 4 0 9 4
20160606119 8 0 3 8 1
20160606120 7 2 2 2 8
20160607001 1 9 9 0 8
20160607002 3 8 7 9 2
20160607003 6 6 5 6 6
20160607004 7 5 5 7 7
20160607005 2 5 3 9 2
20160607006 2 6 0 7 8
20160607007 4 9 5 5 7
20160607008 1 3 8 9 8
20160607009 4 2 0 4 4
20160607010 8 2 9 7 9
20160607011 1 3 4 2 8
20160607012 2 0 0 3 0
20160607013 1 4 0 8 6
20160607014 9 2 3 7 4
20160607015 4 1 8 5 4
20160607016 6 1 0 0 1
20160607017 9 6 8 0 4
20160607018 6 0 7 8 1
20160607019 8 9 6 6 8
20160607020 2 4 5 1 7
20160607021 6 7 4 9 6
20160607022 6 0 5 2 7
20160607023 6 0 7 8 7
20160607024 5 6 8 3 0
20160607025 3 8 3 3 1
20160607026 3 0 0 2 8
20160607027 8 2 5 8 8
20160607028 1 6 1 2 0
20160607029 5 2 3 2 8
20160607030 3 9 1 9 5
20160607031 8 9 5 2 0
20160607032 6 0 4 0 9
20160607033 8 7 8 2 3
20160607034 8 3 6 3 7
20160607035 3 9 2 9 4
20160607036 0 8 4 7 5
20160607037 8 0 1 0 2
20160607038 8 3 3 8 5
20160607039 2 3 0 2 7
20160607040 3 4 0 3 2
20160607041 2 6 2 1 1
20160607042 3 8 8 1 4
20160607043 1 2 9 2 8
20160607044 4 5 7 8 7
20160607045 8 7 4 0 2
20160607046 9 0 7 6 2
20160607047 2 3 8 6 7
20160607048 7 2 9 1 8
20160607049 5 0 2 5 4
20160607050 7 2 2 6 5
20160607051 1 8 3 8 3
20160607052 8 6 5 8 0
20160607053 9 5 9 7 4
20160607054 4 2 3 1 2
20160607055 9 0 6 6 5
20160607056 8 7 7 1 3
20160607057 1 5 0 4 5
20160607058 2 5 5 9 5
20160607059 3 0 6 7 7
20160607060 1 7 8 8 9
20160607061 6 7 9 7 3
20160607062 6 1 1 4 1
20160607063 1 3 6 0 0
20160607064 4 2 1 7 3
20160607065 1 7 2 6 6
20160607066 6 2 0 2 7
20160607067 8 6 9 0 9
20160607068 0 7 5 4 4
20160607069 9 9 1 6 1
20160607070 0 4 6 2 9
20160607071 2 6 8 3 5
20160607072 4 3 4 1 8
20160607073 5 4 7 3 5
20160607074 3 7 7 2 7
20160607075 3 4 0 5 7
20160607076 3 4 9 4 6
20160607077 7 2 8 8 1
20160607078 4 6 1 5 0
20160607079 5 3 0 3 8
20160607080 8 1 7 6 7
20160607081 5 7 7 1 3
20160607082 2 4 1 1 7
20160607083 7 1 1 5 2
20160607084 5 5 8 4 6
20160607085 1 1 1 5 4
20160607086 4 1 0 4 6
20160607087 7 5 7 3 6
20160607088 1 2 5 9 6
20160607089 6 6 3 4 4
20160607090 5 8 8 5 3
20160607091 4 5 2 2 8
20160607092 3 6 9 0 7
20160607093 5 8 6 8 4
20160607094 5 6 2 2 1
20160607095 0 5 9 2 7
20160607096 8 2 1 8 7
20160607097 7 6 2 6 3
20160607098 5 9 2 1 5
20160607099 9 2 3 2 9
20160607100 3 3 3 0 1
20160607101 9 1 2 5 0
20160607102 9 5 2 8 9
20160607103 4 8 8 9 9
20160607104 4 0 9 8 0
20160607105 6 5 4 1 2
20160607106 8 7 2 0 2
20160607107 3 5 9 7 9
20160607108 5 3 8 3 2
20160607109 8 9 5 6 0
20160607110 2 7 5 1 7
20160607111 5 9 4 3 7
20160607112 4 8 6 9 7
20160607113 2 3 8 0 4
20160607114 1 1 2 5 8
20160607115 9 1 3 4 8
20160607116 8 6 6 8 6
20160607117 7 8 6 1 3
20160607118 9 4 7 3 4
20160607119 7 9 1 5 9
20160607120 1 6 3 9 8
20160608001 2 9 1 1 1
20160608002 6 3 7 4 3
20160608003 3 8 4 4 2
20160608004 9 2 6 2 0
20160608005 2 3 6 0 5
20160608006 1 2 3 6 5
20160608007 6 4 6 1 7
20160608008 4 4 2 6 2
20160608009 7 2 1 9 2
20160608010 4 6 4 4 9
20160608011 1 8 8 1 3
20160608012 1 4 3 5 4
20160608013 1 4 2 7 9
20160608014 2 4 2 3 7
20160608015 9 7 7 7 8
20160608016 8 5 0 8 5
20160608017 9 3 3 4 5
20160608018 9 7 3 1 4
20160608019 4 0 1 0 4
20160608020 0 0 1 6 6
20160608021 2 0 6 1 7
20160608022 7 4 5 6 1
20160608023 6 9 6 2 2
20160608024 0 7 3 3 5
20160608025 5 0 1 2 7
20160608026 1 4 8 4 6
20160608027 3 9 6 6 8
20160608028 6 5 2 8 7
20160608029 3 1 9 8 2
20160608030 0 0 6 9 0
20160608031 6 6 9 9 7
20160608032 9 8 0 9 0
20160608033 4 8 9 1 8
20160608034 5 0 7 2 8
20160608035 1 5 3 1 6
20160608036 4 4 5 1 3
20160608037 3 5 9 8 0
20160608038 3 5 2 6 7
20160608039 6 3 7 1 1
20160608040 3 0 7 9 4
20160608041 5 3 9 7 9
20160608042 1 6 5 5 7
20160608043 4 3 0 5 9
20160608044 7 7 2 9 3
20160608045 1 0 0 9 4
20160608046 0 0 6 0 7
20160608047 6 6 2 2 8
20160608048 5 4 3 3 2
20160608049 9 1 2 9 4
20160608050 2 8 8 1 0
20160608051 7 2 7 7 6
20160608052 1 6 3 8 3
20160608053 3 9 5 1 1
20160608054 0 5 1 2 5
20160608055 2 5 9 1 7
20160608056 6 7 8 1 9
20160608057 7 1 4 9 8
20160608058 5 2 8 7 9
20160608059 4 7 2 1 9
20160608060 2 5 7 3 2
20160608061 6 3 2 2 6
20160608062 8 3 5 7 8
20160608063 0 8 5 0 6
20160608064 8 3 5 6 6
20160608065 3 1 6 1 0
20160608066 4 5 7 3 7
20160608067 2 4 1 9 2
20160608068 1 7 4 0 7
20160608069 9 5 6 5 9
20160608070 7 8 0 3 1
20160608071 1 9 6 9 5
20160608072 4 0 4 6 4
20160608073 7 8 5 2 9
20160608074 3 4 5 6 0
20160608075 8 2 1 1 0
20160608076 1 0 8 4 0
20160608077 1 1 0 7 3
20160608078 3 3 7 2 4
20160608079 7 9 4 9 5
20160608080 5 0 2 3 9
20160608081 2 1 9 1 7
20160608082 1 7 9 4 1
20160608083 2 0 9 3 3
20160608084 0 9 0 0 4
20160608085 4 1 8 5 2
20160608086 1 1 6 5 5
20160608087 9 4 8 5 2
20160608088 5 1 1 0 7
20160608089 1 3 6 0 5
20160608090 6 9 5 3 6
20160608091 7 1 6 0 5
20160608092 8 3 5 0 1
20160608093 6 1 7 5 8
20160608094 7 5 6 0 7
20160608095 8 1 1 9 3
20160608096 1 6 5 9 9
20160608097 7 9 7 8 3
20160608098 7 8 0 5 5
20160608099 8 5 1 5 5
20160608100 6 0 0 9 1
20160608101 1 4 2 5 2
20160608102 3 8 4 6 5
20160608103 3 6 3 0 5
20160608104 1 0 0 7 8
20160608105 7 7 2 9 4
20160608106 9 1 6 7 4
20160608107 1 0 6 0 5
20160608108 2 2 4 0 4
20160608109 9 8 1 8 5
20160608110 9 8 6 2 7
20160608111 8 7 5 0 6
20160608112 0 4 5 6 2
20160608113 4 5 8 9 0
20160608114 4 9 7 5 8
20160608115 1 7 6 7 4
20160608116 7 7 7 8 0
20160608117 4 1 4 6 7
20160608118 6 0 2 7 0
20160608119 9 8 8 5 1
20160608120 5 8 5 4 0
20160609001 3 1 1 9 9
20160609002 4 0 7 3 4
20160609003 0 7 6 8 0
20160609004 6 1 4 4 0
20160609005 1 8 1 8 3
20160609006 1 6 5 5 7
20160609007 8 5 1 4 6
20160609008 9 6 2 5 1
20160609009 5 9 6 7 6
20160609010 0 0 7 9 2
20160609011 4 1 7 0 8
20160609012 3 8 1 4 4
20160609013 2 3 3 5 5
20160609014 5 4 7 5 1
20160609015 9 7 1 6 7
20160609016 2 5 3 8 0
20160609017 3 0 3 5 5
20160609018 0 6 7 7 2
20160609019 9 7 3 4 3
20160609020 1 0 6 5 1
20160609021 6 6 8 7 8
20160609022 5 3 2 5 0
20160609023 4 7 7 8 0
20160609024 3 0 8 3 5
20160609025 2 6 6 0 4
20160609026 1 7 9 0 8
20160609027 3 3 3 3 8
20160609028 4 2 8 9 0
20160609029 8 0 3 2 4
20160609030 0 8 0 3 5
20160609031 5 6 3 9 4
20160609032 3 4 2 4 8
20160609033 7 3 6 3 9
20160609034 1 4 2 8 3
20160609035 4 9 9 7 4
20160609036 3 9 4 4 0
20160609037 3 2 5 8 9
20160609038 2 8 6 0 8
20160609039 3 3 6 1 7
20160609040 1 5 1 5 7
20160609041 6 7 0 7 1
20160609042 7 6 5 5 4
20160609043 8 5 5 1 6
20160609044 3 7 9 7 1
20160609045 8 6 7 4 6
20160609046 7 9 6 6 5
20160609047 2 5 2 9 2
20160609048 7 2 6 0 2
20160609049 4 5 9 7 4
20160609050 1 9 9 2 1
20160609051 7 8 1 5 2
20160609052 7 6 4 5 1
20160609053 8 8 2 8 2
20160609054 3 2 3 1 3
20160609055 5 4 5 5 9
20160609056 7 6 5 3 6
20160609057 9 7 2 2 1
20160609058 4 2 8 6 9
20160609059 2 4 6 0 9
20160609060 7 8 8 3 1
20160609061 8 0 9 1 5
20160609062 5 0 9 5 5
20160609063 8 5 6 2 5
20160609064 3 6 1 4 0
20160609065 9 0 6 5 5
20160609066 1 5 2 7 6
20160609067 4 8 3 9 9
20160609068 4 0 3 8 7
20160609069 7 5 0 5 5
20160609070 4 5 5 3 1
20160609071 7 5 0 0 7
20160609072 6 2 1 3 1
20160609073 3 4 1 0 3
20160609074 7 4 1 3 1
20160609075 1 9 5 6 5
20160609076 4 4 8 0 0
20160609077 4 1 7 5 1
20160609078 9 1 1 3 9
20160609079 0 6 6 3 1
20160609080 5 4 8 4 5
20160609081 2 4 1 9 5
20160609082 8 6 9 7 6
20160609083 9 8 9 8 7
20160609084 6 6 0 7 7
20160609085 1 5 8 8 2
20160609086 3 0 9 3 1
20160609087 0 9 9 8 8
20160609088 9 3 6 4 9
20160609089 8 1 0 9 7
20160609090 8 2 9 8 8
20160609091 6 8 8 3 5
20160609092 0 5 2 6 2
20160609093 1 9 2 7 1
20160609094 3 5 1 8 9
20160609095 2 7 4 2 8
20160609096 0 8 2 5 1
20160609097 3 3 4 9 1
20160609098 6 6 2 7 0
20160609099 9 5 6 4 8
20160609100 4 2 4 5 8
20160609101 5 5 2 3 9
20160609102 6 5 7 6 8
20160609103 6 7 4 9 6
20160609104 2 4 7 1 0
20160609105 2 5 4 5 8
20160609106 3 3 5 5 3
20160609107 8 7 0 9 8
20160609108 8 5 3 7 1
20160609109 1 0 8 3 2
20160609110 0 6 4 6 8
20160609111 1 4 4 0 2
20160609112 4 3 7 1 9
20160609113 5 2 5 3 4
20160609114 8 1 3 4 2
20160609115 5 7 8 6 1
20160609116 5 5 0 6 5
20160609117 3 8 4 2 1
20160609118 9 8 6 9 5
20160609119 2 0 1 4 4
20160609120 4 6 3 9 5
20160610001 9 7 7 0 6
20160610002 7 4 0 4 9
20160610003 7 0 7 0 6
20160610004 0 4 3 6 5
20160610005 6 3 5 2 5
20160610006 5 9 8 8 3
20160610007 3 2 1 4 9
20160610008 2 5 6 7 5
20160610009 4 3 9 6 9
20160610010 0 2 6 9 5
20160610011 1 0 2 0 3
20160610012 1 4 0 9 2
20160610013 6 2 0 9 0
20160610014 3 2 2 9 4
20160610015 8 7 0 2 4
20160610016 4 7 6 8 9
20160610017 9 1 3 5 6
20160610018 4 3 3 0 6
20160610019 8 1 8 5 6
20160610020 3 4 6 7 6
20160610021 9 6 9 4 9
20160610022 8 9 0 7 7
20160610023 4 2 5 0 2
20160610024 7 6 8 3 8
20160610027 1 9 7 0 5
20160610028 2 2 3 9 2
20160610029 8 7 1 3 4
20160610030 8 9 7 6 9
20160610031 8 1 5 7 0
20160610032 5 8 0 5 5
20160610033 9 2 5 3 7
20160610034 8 2 2 8 4
20160610035 7 0 8 1 8
20160610036 7 3 2 3 8
20160610037 1 7 7 0 7
20160610038 5 0 4 3 3
20160610039 9 9 4 8 1
20160610040 8 0 8 0 4
20160610041 8 3 0 1 4
20160610042 1 7 9 1 4
20160610043 3 7 0 3 6
20160610044 1 8 0 4 8
20160610045 6 5 6 5 4
20160610046 9 9 1 1 7
20160610047 2 9 8 4 5
20160610048 5 0 9 5 9
20160610049 6 6 9 1 1
20160610050 7 7 6 3 9
20160610051 1 7 5 7 3
20160610052 1 3 9 6 3
20160610053 4 2 6 2 4
20160610054 3 5 1 8 9
20160610055 6 1 0 1 9
20160610056 8 5 3 5 5
20160610057 4 4 7 0 9
20160610058 5 4 4 9 9
20160610059 3 1 9 1 6
20160610060 1 4 9 0 8
20160610061 9 5 3 8 6
20160610062 5 7 7 3 4
20160610063 2 8 6 9 5
20160610064 6 5 2 7 4
20160610065 4 8 8 9 0
20160610066 1 3 5 2 2
20160610067 1 3 7 6 7
20160610068 0 9 7 7 2
20160610069 5 2 7 0 6
20160610070 6 5 6 1 0
20160610071 5 1 2 8 5
20160610072 1 1 5 6 1
20160610073 5 8 2 1 4
20160610074 9 8 5 1 6
20160610075 3 8 4 3 3
20160610076 9 6 0 6 9
20160610077 7 5 7 7 4
20160610078 0 7 9 4 5
20160610079 1 8 4 9 5
20160610080 8 2 8 8 9
20160610081 0 0 8 2 3
20160610082 5 3 2 1 0
20160610083 4 4 1 9 4
20160610084 5 3 6 9 0
20160610085 6 8 5 7 8
20160610086 6 8 3 4 2
20160610087 3 7 4 0 8
20160610088 4 9 0 6 0
20160610089 2 9 4 4 9
20160610090 9 6 6 7 3
20160610091 6 9 2 7 8
20160610092 9 9 5 0 1
20160610093 4 4 2 1 1
20160610094 0 6 3 9 1
20160610095 6 7 6 9 0
20160610096 3 6 9 9 8
20160610097 2 0 0 4 4
20160610098 2 8 8 3 5
20160610099 4 5 7 8 2
20160610100 9 2 1 2 4
20160610101 0 5 6 7 0
20160610102 7 3 0 4 1
20160610103 3 2 7 1 2
20160610104 0 0 2 5 7
20160610105 1 1 4 3 3
20160610106 0 3 0 1 1
20160610107 9 5 2 9 8
20160610108 4 4 2 6 2
20160610109 9 6 5 6 8
20160610110 1 4 2 5 8
20160610111 2 8 5 3 4
20160610112 4 7 6 1 0
20160610113 5 7 5 0 5
20160610114 6 2 0 2 7
20160610115 0 8 0 1 6
20160610116 6 2 9 3 9
20160610117 0 8 8 3 6
20160610118 9 5 9 9 1
20160610119 6 6 7 5 8
20160610120 6 9 6 4 2
20160611001 5 0 8 9 9
20160611002 9 7 7 0 5
20160611003 0 4 6 6 7
20160611004 7 7 0 2 8
20160611005 6 8 6 9 3
20160611006 7 2 0 0 6
20160611007 3 2 6 6 8
20160611008 7 4 8 6 2
20160611009 0 3 1 9 0
20160611010 8 4 9 3 0
20160611011 5 4 9 8 5
20160611012 2 8 7 3 1
20160611013 3 1 5 5 4
20160611014 7 7 7 2 0
20160611015 1 0 3 3 8
20160611016 4 7 2 4 0
20160611017 8 4 8 0 4
20160611018 3 1 7 6 6
20160611019 6 5 7 8 9
20160611020 6 0 8 1 4
20160611021 9 5 5 3 9
20160611022 8 6 7 6 1
20160611023 7 7 7 4 7
20160611024 9 1 5 4 7
20160611025 0 7 0 3 4
20160611026 4 8 5 1 3
20160611027 8 1 8 6 3
20160611028 3 6 8 3 7
20160611029 2 2 1 4 1
20160611030 2 6 1 5 8
20160611031 0 0 6 6 0
20160611032 4 3 9 7 6
20160611033 8 4 8 4 3
20160611034 0 0 9 6 8
20160611035 9 7 8 3 4
20160611036 0 7 2 0 1
20160611037 8 1 6 9 6
20160611038 7 8 0 0 3
20160611039 2 1 0 7 2
20160611040 8 5 4 8 2
20160611041 6 7 5 5 4
20160611042 8 3 7 6 9
20160611043 6 8 8 6 8
20160611044 3 3 0 9 9
20160611045 1 0 8 6 9
20160611046 8 6 1 5 1
20160611047 3 8 5 5 6
20160611048 4 8 6 4 8
20160611049 2 9 5 3 5
20160611050 6 3 1 6 9
20160611051 7 6 4 2 6
20160611052 8 7 3 3 3
20160611053 7 1 1 5 9
20160611054 2 0 3 7 3
20160611055 2 1 8 5 1
20160611056 2 7 8 7 7
20160611057 7 1 2 7 9
20160611058 7 3 4 9 4
20160611059 4 2 1 1 5
20160611060 9 0 7 8 4
20160611061 8 4 3 5 2
20160611062 0 7 4 2 5
20160611063 1 3 6 6 0
20160611064 5 7 6 8 6
20160611065 0 9 2 1 3
20160611066 9 8 9 8 5
20160611067 4 7 9 2 0
20160611068 8 6 8 0 6
20160611069 2 0 1 1 7
20160611070 8 6 9 7 6
20160611071 1 2 0 2 0
20160611072 8 6 5 4 7
20160611073 3 5 4 3 9
20160611074 7 9 1 8 2
20160611075 4 6 7 2 2
20160611076 2 8 2 1 1
20160611077 0 5 5 2 8
20160611078 3 8 3 3 5
20160611079 3 9 8 8 4
20160611080 8 1 5 6 4
20160611081 6 6 0 1 0
20160611082 6 3 7 2 2
20160611083 8 6 4 6 5
20160611084 6 4 9 8 2
20160611085 2 9 4 7 8
20160611086 6 4 7 8 2
20160611087 0 8 0 0 7
20160611088 6 7 1 0 1
20160611089 9 7 3 4 1
20160611090 0 5 5 9 4
20160611091 1 0 7 6 8
20160611092 1 5 9 5 1
20160611093 0 2 6 9 5
20160611094 0 8 2 6 5
20160611095 9 8 2 0 5
20160611096 1 8 2 2 9
20160611097 2 0 1 6 5
20160611098 0 1 2 4 9
20160611099 2 9 6 5 9
20160611100 7 4 7 8 2
20160611101 2 0 1 9 0
20160611102 9 4 2 6 7
20160611103 4 2 9 5 6
20160611104 3 8 2 6 2
20160611105 2 3 8 9 6
20160611106 6 7 6 0 3
20160611107 4 2 9 0 1
20160611108 1 5 4 1 6
20160611109 7 9 4 4 5
20160611110 3 5 5 0 9
20160611111 6 8 4 8 6
20160611112 1 7 7 3 9
20160611113 9 2 8 4 9
20160611114 4 0 8 9 1
20160611115 9 4 7 7 2
20160611116 7 8 6 8 5
20160611117 4 6 7 4 2
20160611118 6 4 7 0 8
20160611119 7 6 1 2 6
20160611120 8 3 8 1 6
20160612001 2 2 9 9 7
20160612002 0 9 4 4 4
20160612003 6 4 5 2 7
20160612004 0 0 1 1 4
20160612005 6 2 9 9 4
20160612006 7 3 6 8 7
20160612007 4 2 5 2 8
20160612008 5 1 4 5 9
20160612009 0 4 4 3 5
20160612010 7 5 6 0 3
20160612011 6 1 5 3 9
20160612012 9 0 6 2 2
20160612013 1 5 4 6 6
20160612014 2 0 9 2 0
20160612015 8 1 2 7 9
20160612016 1 0 1 0 3
20160612017 0 3 5 3 0
20160612018 5 9 9 0 5
20160612019 1 3 3 4 2
20160612020 2 2 7 7 2
20160612021 6 0 3 8 7
20160612022 9 9 8 6 3
20160612023 4 9 4 6 8
20160612024 7 1 6 3 0
20160612025 2 5 0 8 8
20160612026 9 1 0 7 6
20160612027 9 9 0 0 7
20160612028 8 8 3 1 1
20160612029 8 4 7 2 2
20160612030 5 1 4 3 0
20160612031 6 0 4 7 9
20160612032 7 5 4 6 4
20160612033 8 9 7 7 1
20160612034 7 4 6 1 7
20160612035 7 8 1 3 0
20160612036 1 3 0 7 6
20160612037 8 7 9 4 7
20160612038 1 5 2 9 8
20160612039 2 6 8 9 4
20160612040 8 7 4 2 7
20160612041 5 8 2 7 9
20160612042 9 7 1 7 8
20160612043 1 5 6 3 4
20160612044 9 7 7 9 9
20160612045 8 3 5 8 8
20160612046 2 8 1 0 4
20160612047 2 8 9 5 1
20160612048 1 9 0 0 7
20160612049 7 3 8 8 9
20160612050 3 2 3 6 7
20160612051 5 2 1 7 6
20160612052 7 7 8 5 3
20160612053 1 1 0 2 2
20160612054 1 2 9 1 6
20160612055 1 4 4 1 5
20160612056 6 6 1 7 7
20160612057 2 4 0 6 4
20160612058 4 3 7 9 8
20160612059 3 3 7 0 6
20160612060 7 8 6 8 1
20160612061 3 1 7 8 5
20160612062 6 7 2 0 4
20160612063 9 6 0 4 5
20160612064 1 2 2 4 7
20160612065 5 1 5 4 9
20160612066 8 5 2 1 0
20160612067 7 4 6 8 1
20160612068 9 1 2 9 4
20160612069 5 1 9 6 9
20160612070 6 1 1 9 2
20160612071 9 4 3 1 4
20160612072 0 4 7 4 9
20160612073 0 3 6 3 1
20160612074 8 0 3 3 3
20160612075 0 8 0 0 7
20160612076 2 6 0 8 2
20160612077 7 7 0 6 7
20160612078 1 1 9 2 2
20160612079 2 1 9 8 7
20160612080 1 4 2 9 5
20160612081 9 8 3 4 9
20160612082 2 4 5 4 0
20160612083 9 5 8 5 9
20160612084 6 0 0 8 2
20160612085 6 7 8 3 3
20160612086 7 9 4 3 4
20160612087 5 7 3 1 7
20160612088 0 1 2 4 7
20160612089 9 8 1 7 7
20160612090 4 4 7 3 7
20160612091 5 3 1 4 3
20160612092 3 6 2 9 8
20160612093 9 2 3 7 1
20160612094 0 4 4 4 2
20160612095 0 8 9 4 0
20160612096 4 7 9 2 4
20160612097 7 3 3 4 9
20160612098 8 1 6 7 4
20160612099 2 9 4 2 7
20160612100 7 5 4 1 7
20160612101 5 0 2 4 5
20160612102 0 6 3 1 1
20160612103 9 3 8 0 5
20160612104 8 2 8 6 3
20160612105 6 5 0 8 8
20160612106 1 7 1 9 0
20160612107 0 1 2 0 5
20160612108 0 4 6 9 6
20160612109 8 2 2 2 0
20160612110 3 9 1 8 3
20160612111 1 0 9 4 7
20160612112 1 3 3 5 6
20160612113 0 2 3 0 5
20160612114 3 3 2 3 9
20160612115 0 4 7 8 8
20160612116 3 7 2 1 0
20160612117 4 1 1 3 2
20160612118 7 7 3 2 6
20160612119 7 2 1 2 2
20160612120 8 9 9 7 2
20160613001 4 7 1 5 4
20160613002 8 5 5 2 0
20160613003 4 1 1 9 5
20160613004 7 8 5 2 7
20160613005 9 5 9 8 7
20160613006 0 3 3 5 0
20160613007 1 7 7 2 5
20160613008 8 6 9 1 7
20160613009 1 6 6 7 8
20160613010 1 6 4 4 8
20160613011 0 1 8 5 5
20160613012 2 1 0 8 2
20160613013 3 2 2 5 3
20160613014 6 0 9 6 8
20160613015 6 8 1 8 2
20160613016 2 6 7 8 0
20160613017 9 2 4 3 6
20160613018 4 8 8 4 7
20160613019 4 4 5 9 8
20160613020 1 2 1 7 4
20160613021 1 4 5 6 4
20160613022 9 8 2 1 4
20160613023 3 1 8 8 9
